book:97.0:49
car:165.20000000000002:100
car:125.75000000000001:100
